                     CLIMATOLOGICAL SUMMARY for year 2018


NAME: Dolores, Alicante, Spain                  
ELEV: 10 meter    LAT: 38-09.06 N    LONG: 000-44.82 W


                                       TEMPERATURE (°C)

                              HEAT    COOL                              MAX    MAX    MIN    MIN
          MEAN   MEAN         DEG     DEG                                >=     <=     <=     <=
 YR  MO   MAX    MIN    MEAN  DAYS    DAYS      HI  DAY     LOW  DAY     30      0      0    -20
------------------------------------------------------------------------------------------------
2018 01   20.9    6.6   12.6  180.2    1.4    28.3   22     0.3   09      0      0      0      0
2018 02   19.6    4.9   11.2  200.3    0.0    27.2   15     0.8   11      0      0      0      0
2018 03   23.0    8.2   14.9  108.1    2.3    30.7   28     0.9   22      1      0      0      0
2018 04   24.6   10.5   17.2   43.9   11.9    30.4   27     5.3   01      2      0      0      0
2018 05   27.5   13.5   20.3    4.0   64.9    32.1   25     6.7   02      7      0      0      0
2018 06   31.6   17.3   24.1    0.0  172.8    35.5   22    12.8   07     24      0      0      0
2018 07   34.4   20.5   27.4    0.0  281.8    39.5   16    18.3   09     31      0      0      0
2018 08   34.7   21.7   27.9    0.0  296.2    39.4   05    18.4   21     31      0      0      0
2018 09   32.4   21.1   26.0    0.0  115.6    35.7   04    18.7   06     12      0      0      0
2018 10
2018 11
2018 12
------------------------------------------------------------------------------------------------
          27.4   13.5   19.9  536.5  946.9    39.5  Jul     0.3  Jan    108      0      0      0


                  PRECIPITATION (mm)

                  MAX         ---DAYS OF RAIN---
                  OBS.               OVER
 YR  MO  TOTAL    DAY  DATE   0.30   3.00  30.00
------------------------------------------------
2018 01   56.4   41.7    28      6      2      1
2018 02   15.0   10.2    02      9      1      0
2018 03  168.3  150.9    20     13      2      1
2018 04   10.8    6.9    25      6      1      0
2018 05    1.2    0.9    09      2      0      0
2018 06   24.3   13.5    03      3      2      0
2018 07    0.0    0.0    01      0      0      0
2018 08    0.3    0.3    15      1      0      0
2018 09   14.1    5.7    07      4      3      0
2018 10
2018 11
2018 12
------------------------------------------------
         290.4  150.9   Mar     44     11      2


           WIND SPEED (mph)

                                DOM
 YR  MO    AVG     HI   DATE    DIR
-----------------------------------
2018 01    2.5   33.6     11    312 
2018 02    1.9   22.1     10    311 
2018 03    0.6   27.3     24    267 
2018 04    1.3   28.9     24     53 
2018 05    2.7   37.4     01     95 
2018 06    2.4   17.4     02    112 
2018 07    2.5   18.3     13    100 
2018 08    2.3   22.8     17     90 
2018 09    2.2   22.1     11     79 
2018 10
2018 11
2018 12
-----------------------------------
           2.1   37.4    May     74

