                     CLIMATOLOGICAL SUMMARY for year 2019


NAME: Dolores, Alicante, Spain                  
ELEV: 10 meter    LAT: 38-09.06 N    LONG: 000-44.82 W


                                       TEMPERATURE (°C)

                              HEAT    COOL                              MAX    MAX    MIN    MIN
          MEAN   MEAN         DEG     DEG                                >=     <=     <=     <=
 YR  MO   MAX    MIN    MEAN  DAYS    DAYS      HI  DAY     LOW  DAY     30      0      0    -20
------------------------------------------------------------------------------------------------
2019 01   19.6    4.0   10.2  240.7    0.0    27.8   14    -2.7   11      0      0      4      0
2019 02   22.7    4.1   11.8   78.2    0.0    30.3   28     0.3   05      1      0      0      0
2019 03   22.8    5.6   13.4  153.7    0.0    30.6   17     1.9   21      1      0      0      0
2019 04   23.4    9.5   15.7   80.5    1.0    31.5   14     5.6   06      1      0      0      0
2019 05   27.1   12.7   19.6    8.9   48.2    34.8   11     8.5   04      7      0      0      0
2019 06   30.9   15.6   23.2    0.0  147.1    38.1   29    10.3   02     17      0      0      0
2019 07   34.0   20.0   26.9    0.0  265.7    38.8   07    17.8   11     29      0      0      0
2019 08   33.9   20.1   26.5    0.0  252.9    41.6   10    17.8   28     28      0      0      0
2019 09   29.2   19.0   23.9    1.8   64.4    34.9   01    15.5   12      5      0      0      0
2019 10   27.0   12.4   20.0   17.6   44.0    33.3   07   -22.4   20      6      0      1      1
2019 11
2019 12
------------------------------------------------------------------------------------------------
          27.2   12.4   19.4  581.5  823.3    41.6  Aug   -22.4  Oct     95      0      5      1


                  PRECIPITATION (mm)

                  MAX         ---DAYS OF RAIN---
                  OBS.               OVER
 YR  MO  TOTAL    DAY  DATE   0.30   3.00  30.00
------------------------------------------------
2019 01    0.3    0.3    20      1      0      0
2019 02    0.0    0.0    01      0      0      0
2019 03   11.7   11.7    31      1      1      0
2019 04  100.5   48.9    19     10      3      1
2019 05    0.3    0.3    24      1      0      0
2019 06    0.0    0.0    01      0      0      0
2019 07    0.0    0.0    01      0      0      0
2019 08    0.9    0.3    26      3      0      0
2019 09   33.3   32.7    12      3      1      1
2019 10   18.6   18.0    22      2      1      0
2019 11
2019 12
------------------------------------------------
         165.6   48.9   Apr     21      6      2


           WIND SPEED (mph)

                                DOM
 YR  MO    AVG     HI   DATE    DIR
-----------------------------------
2019 01    1.9   25.9     28    296 
2019 02    2.8   32.0     03    303 
2019 03    2.1   25.9     26     95 
2019 04    2.7   28.9     10    307 
2019 05    2.6   26.6     17    117 
2019 06    2.8   26.6     08    112 
2019 07    2.8   21.3     31    103 
2019 08    2.2   19.7     23    117 
2019 09    2.7   23.5     10     78 
2019 10    1.8   19.7     15     69 
2019 11
2019 12
-----------------------------------
           2.4   32.0    Feb    103

