                     CLIMATOLOGICAL SUMMARY for year 2016


NAME: Dolores, Alicante, Spain                  
ELEV: 10 meters    LAT: 38-09.06 N    LONG: 000-44.82 W


                                       TEMPERATURE (C)

                              HEAT    COOL                              MAX    MAX    MIN    MIN
          MEAN   MEAN         DEG     DEG                                >=     <=     <=     <=
 YR  MO   MAX    MIN    MEAN  DAYS    DAYS      HI  DAY     LOW  DAY     30      0      0    -20
------------------------------------------------------------------------------------------------
2016 01   25.7    8.2   17.7    2.2    0.0    28.1   31     7.0   31      0      0      0      0
2016 02   22.2    8.0   14.2  126.0    5.4    28.3   11     0.6   17      0      0      0      0
2016 03   23.3    7.4   14.7  115.4    2.5    29.3   25    -0.8   14      0      0      1      0
2016 04   25.3   10.9   17.5   37.1   11.2    30.5   17     5.4   02      2      0      0      0
2016 05   27.2   12.9   19.8   12.4   59.2    34.5   28     6.0   02      4      0      0      0
2016 06   31.2   17.1   24.3    0.0  178.7    39.8   13    13.8   01     19      0      0      0
2016 07   33.3   19.7   26.6    0.0  257.2    40.3   31    16.3   17     28      0      0      0
2016 08   32.8   20.2   26.4    0.0  250.9    39.5   17    16.9   13     30      0      0      0
2016 09   33.1   18.2   24.8    0.0  194.4    43.3   05    12.2   15     28      0      0      0
2016 10   29.9   15.5   21.1    2.6   89.6    34.5   11     9.2   30     17      0      0      0
2016 11   24.5    9.3   15.4   95.4    7.8    33.1   03     3.5   25      4      0      0      0
2016 12   21.0    8.3   12.8  170.6    0.0    25.6   10     4.5   26      0      0      0      0
------------------------------------------------------------------------------------------------
          27.6   13.4   19.8  561.7 1056.9    43.3  Sep    -0.8  Mar    132      0      1      0


                  PRECIPITATION (mm)

                  MAX         ---DAYS OF RAIN---
                  OBS.               OVER
 YR  MO  TOTAL    DAY  DATE   0.30   3.00  30.00
------------------------------------------------
2016 01    0.0    0.0    01      0      0      0
2016 02    3.0    1.8    28      2      0      0
2016 03   17.1   14.4    21      4      1      0
2016 04   12.3    5.1    05      4      2      0
2016 05    6.0    2.4    11      4      0      0
2016 06    0.0    0.0    01      0      0      0
2016 07    0.0    0.0    01      0      0      0
2016 08    0.3    0.3    16      0      0      0
2016 09    0.0    0.0    01      0      0      0
2016 10    6.6    6.0    13      3      1      0
2016 11    0.3    0.3    25      1      0      0
2016 12   39.9   39.3    27      1      1      1
------------------------------------------------
          85.5   39.3   Dec     19      5      1


           WIND SPEED (mph)

                                DOM
 YR  MO    AVG     HI   DATE    DIR
-----------------------------------
2016 01    1.5   13.6     31    279 
2016 02    3.2   38.7     14    307 
2016 03    2.7   64.6     14    298 
2016 04    2.5   28.2     08    126 
2016 05    2.7   25.1     28    113 
2016 06    2.7   22.1     17    109 
2016 07    2.5   22.1     03    102 
2016 08    2.3   26.6     05     98 
2016 09    1.9   25.1     28    108 
2016 10    1.4   23.5     13    108 
2016 11    1.6   24.4     06    329 
2016 12    1.5   97.3     08      5 
-----------------------------------
           2.3   97.3    Dec     81

