                     CLIMATOLOGICAL SUMMARY for year 2017


NAME: Dolores, Alicante, Spain                  
ELEV: 10 meter    LAT: 38-09.06 N    LONG: 000-44.82 W


                                       TEMPERATURE (°C)

                              HEAT    COOL                              MAX    MAX    MIN    MIN
          MEAN   MEAN         DEG     DEG                                >=     <=     <=     <=
 YR  MO   MAX    MIN    MEAN  DAYS    DAYS      HI  DAY     LOW  DAY     30      0      0    -20
------------------------------------------------------------------------------------------------
2017 01   18.8    5.1   10.8  231.7    0.0    24.0   30    -2.2   18      0      0      1      0
2017 02   21.7    8.1   13.9  124.9    0.0    27.1   01     2.1   10      0      0      0      0
2017 03   24.5    8.5   15.4   97.2    5.5    37.7   10     3.2   25      3      0      0      0
2017 04   24.4   10.2   16.9   51.5    8.5    31.8   26     6.6   04      1      0      0      0
2017 05   29.9   13.5   21.3    2.4   94.8    33.6   14     9.1   04     17      0      0      0
2017 06   34.0   18.7   26.2    0.0  236.6    40.8   23    15.3   12     27      0      0      0
2017 07   34.3   20.4   27.3    0.0  277.4    40.8   09    14.6   02     30      0      0      0
2017 08   33.9   21.4   27.1    0.0  272.2    40.6   03    17.3   11     29      0      0      0
2017 09   32.1   18.0   24.3    0.0  178.0    38.4   11    15.5   21     23      0      0      0
2017 10   29.5   14.7   20.8    0.8   75.9    32.9   27     9.4   27     15      0      0      0
2017 11   24.4    7.6   14.3  122.5    2.1    28.8   12     3.5   14      0      0      0      0
2017 12   20.9    4.6   11.5  210.8    0.2    25.9   28    -1.9   04      0      0      4      0
------------------------------------------------------------------------------------------------
          27.4   12.6   19.2  841.9 1151.2    40.8  Jun    -2.2  Jan    145      0      5      0


                  PRECIPITATION (mm)

                  MAX         ---DAYS OF RAIN---
                  OBS.               OVER
 YR  MO  TOTAL    DAY  DATE   0.30   3.00  30.00
------------------------------------------------
2017 01   51.9   34.2    19      4      3      1
2017 02    3.9    1.5    23      2      0      0
2017 03   41.4   19.2    13      3      3      0
2017 04    0.0    0.0    01      0      0      0
2017 05    0.0    0.0    01      0      0      0
2017 06    0.0    0.0    01      0      0      0
2017 07    0.0    0.0    01      0      0      0
2017 08    0.3    0.3    29      1      0      0
2017 09   20.4   14.1    02      3      2      0
2017 10    4.2    1.8    19      8      0      0
2017 11    9.3    5.7    29      7      1      0
2017 12  201.6  201.6    17      1      1      1
------------------------------------------------
         333.0  201.6   Dec     29     10      2


           WIND SPEED (mph)

                                DOM
 YR  MO    AVG     HI   DATE    DIR
-----------------------------------
2017 01    2.9   37.4     22    329 
2017 02    2.9   42.5     05    359 
2017 03    2.5   29.8     13     82 
2017 04    2.7   25.1     20     89 
2017 05    2.5   20.6     28    115 
2017 06    2.6   19.7     05    113 
2017 07    2.4   19.7     01    123 
2017 08    2.3   20.6     01    105 
2017 09    2.1   20.6     10    103 
2017 10    1.3   17.4     18    124 
2017 11    1.3   22.1     05    315 
2017 12    2.1  146.7     17    303 
-----------------------------------
           2.3  146.7    Dec     80

