                     CLIMATOLOGICAL SUMMARY for year 2015


NAME: Dolores, Alicante, Spain                  
ELEV: 10 meters    LAT: 38-09.06 N    LONG: 000-44.82 W


                                       TEMPERATURE (C)

                              HEAT    COOL                              MAX    MAX    MIN    MIN
          MEAN   MEAN         DEG     DEG                                >=     <=     <=     <=
 YR  MO   MAX    MIN    MEAN  DAYS    DAYS      HI  DAY     LOW  DAY     30      0      0    -20
------------------------------------------------------------------------------------------------
2015 01   20.6    3.2    9.9  262.2    1.3    26.6   04    -2.1   18      0      0      3      0
2015 02   17.9    6.0   11.6  188.2    0.0    24.8   26    -1.5   07      0      0      3      0
2015 03   22.6    7.4   14.0  142.8    8.1    34.7   30     0.6   06      5      0      0      0
2015 04   23.6   10.5   16.5   59.3    4.9    30.2   25     7.1   05      1      0      0      0
2015 05   29.2   13.1   20.9    2.4   83.4    43.2   14     9.4   22     12      0      0      0
2015 06   32.4   15.7   24.0    0.0  171.5    39.4   28    12.3   07     26      0      0      0
2015 07   35.3   20.7   27.8    0.0  271.9    42.9   27    18.2   07     28      0      0      0
2015 08   34.2   21.2   27.2    0.0  202.8    39.2   13    18.4   27     22      0      0      0
2015 09   31.8   15.8   23.1    0.3  144.1    38.1   22   -22.4   30     24      0      1      1
2015 10   29.5   14.1   20.0    7.5   58.6    40.0   13     9.6   23     14      0      0      0
2015 11   26.8    7.3   16.9   26.7    1.6    31.2   05   -22.4   12      1      0      2      1
2015 12
------------------------------------------------------------------------------------------------
          27.5   12.3   19.2  689.5  948.2    43.2  May   -22.4  Sep    133      0      9      2


                  PRECIPITATION (mm)

                  MAX         ---DAYS OF RAIN---
                  OBS.               OVER
 YR  MO  TOTAL    DAY  DATE   0.30   3.00  30.00
------------------------------------------------
2015 01   14.1    5.4    19      4      3      0
2015 02    9.0    5.1    12      5      1      0
2015 03   23.1    4.5    24      9      4      0
2015 04    3.0    1.5    26      3      0      0
2015 05    0.3    0.3    31      1      0      0
2015 06    3.3    3.3    11      1      1      0
2015 07    0.0    0.0    01      0      0      0
2015 08    7.8    5.7    10      3      1      0
2015 09   46.2   21.9    06      9      5      0
2015 10   44.4   20.7    20      8      3      0
2015 11   38.4   21.9    02      4      2      0
2015 12
------------------------------------------------
         189.6   21.9   Sep     47     20      0


           WIND SPEED (m/s)

                                DOM
 YR  MO    AVG     HI   DATE    DIR
-----------------------------------
2015 01    0.9   18.4     31    300 
2015 02    1.7   14.6     01    320 
2015 03    1.0   73.8     08     67 
2015 04    1.3   11.6     26     89 
2015 05    0.9    9.5     26    127 
2015 06    0.9   13.6     13    132 
2015 07    0.9    7.5     02    120 
2015 08    0.8    8.5     23    120 
2015 09    0.8    9.9     08    120 
2015 10    0.6   65.3     13     71 
2015 11    0.5   15.3     02     67 
2015 12
-----------------------------------
           1.0   73.8    Mar     81

